,0,1,2
0,2493.16658248661,587.5969009918824,1.4743260059709824
1,0.00037417838965992083,0.0006750153854627666,1.4743260059709824
2,1105160.8690896458,1563159.20550416,1.4743260059709824
3,10904.635417670363,3043.689107550733,1.4743260059709824
4,0.0030675571450111817,0.0007221614688716319,1.4743260059709824
5,12.536435417568098,4.141732118357492,1.4743260059709824
6,129.67185812647628,48.40117347957762,1.4743260059709824
7,0.0016061283297401706,0.000575023725048529,1.4743260059709824
8,567.2607371077537,157.48612221057542,1.4743260059709824
9,0.09231409059129303,0.08988803987631441,1.4743260059709824
10,586.9362255226768,138.27267442259276,1.4743260059709824
11,2.4394565190101297e-06,5.806392696985763e-07,1.4743260059709824
12,2524.9486522139127,952.3057539114573,1.4743260059709824
13,225439.69007147505,63221.58286475094,1.4743260059709824
14,955.1091503762672,747.5719430948159,1.4743260059709824
15,168.0657998418461,42.90873995514044,1.4743260059709824
16,0.00025860519674755187,6.0990661202353554e-05,1.4743260059709824
17,34.3395613672855,8.083727323154285,1.4743260059709824
18,0.0001460258481406042,7.441239323241244e-05,1.4743260059709824
19,0.09231409059129303,0.08988803987631441,1.4743260059709824
20,591141338.3105297,167332003.38968164,1.4743260059709824
21,1052408.7089946296,295763.4493062538,1.4743260059709824
22,1093187218.6183705,667876403.218334,1.4743260059709824
23,0.0339267607683854,0.009189767245922246,1.4743260059709824
24,2306180634058.9287,657108248640.4019,1.4743260059709824
25,42.40952241988472,10.883662927017433,1.4743260059709824
26,5.214515870126391e-05,1.769951525911458e-05,1.4743260059709824
27,34.3395613672855,8.083727323154285,1.4743260059709824
28,14938.658869032555,11433.589844573526,1.4743260059709824
29,152.27039511893884,34.917232259731904,1.4743260059709824
30,586.9362255226768,138.27267442259276,1.4743260059709824
31,,,1.4743260059709824
32,0.0339267607683854,0.009189767245922246,1.4743260059709824
33,20936742.277441073,4947485.477277643,1.4743260059709824
34,2.1651600036206338,0.5094073040476541,1.4743260059709824
35,9.939128930053888e-07,2.483604372449001e-07,1.4743260059709824
36,207189.35938645495,47079.420089123974,1.4743260059709824
37,0.7542567551818325,0.19713755138042685,1.4743260059709824
38,239787563752.3436,54007994669.2136,1.4743260059709824
39,6.138948632213826e-06,1.609646287601562e-06,1.4743260059709824
40,9.550867531105094e-05,2.2969384741503647e-05,1.4743260059709824
41,,,1.4743260059709824
42,9738899184.885695,2196621578.8546476,1.4743260059709824
43,920823.6031998311,208952.86446061503,1.4743260059709824
44,48701.52409074583,12223.684829088787,1.4743260059709824
45,6.138948632213826e-06,1.609646287601562e-06,1.4743260059709824
46,0.009212511413001338,0.0024847301926958156,1.4743260059709824
47,0.0003887131478757063,0.00010722681021733455,1.4743260059709824
48,42.40952241988472,10.883662927017433,1.4743260059709824
49,,,1.4743260059709824
50,133.08993385036152,36.840493816133794,1.4743260059709824
51,0.1122913717845754,0.040506419948661554,1.4743260059709824
52,586.9362255226768,138.27267442259276,1.4743260059709824
53,8.54068706733102,2.0099006984752075,1.4743260059709824
54,18257480.83912919,13350370.963886805,1.4743260059709824
55,2.1651600036206338,0.5094073040476541,1.4743260059709824
56,48701.52409074583,12223.684829088787,1.4743260059709824
57,31.837420902995497,8.78533952754143,1.4743260059709824
58,188.52641071672343,61.2766863056794,1.4743260059709824
59,12349.971974898477,3932.5683566816683,1.4743260059709824
60,1.9346616065175037,0.5302209956816442,1.4743260059709824
61,207189.35938645495,47079.420089123974,1.4743260059709824
62,188.52641071672343,61.2766863056794,1.4743260059709824
63,47359.65698567484,10777.58110165826,1.4743260059709824
64,0.009212511413001338,0.0024847301926958156,1.4743260059709824
65,13476.675558574823,6209.946935451334,1.4743260059709824
66,3.311528472359152,1.1040299650269734,1.4743260059709824
67,51300.10376037461,16238.566222162137,1.4743260059709824
68,,,1.4743260059709824
69,42.40952241988472,10.883662927017433,1.4743260059709824
70,0.4260193854492549,0.7097101255353528,1.4743260059709824
71,0.0030675571450111817,0.0007221614688716319,1.4743260059709824
72,0.087517593957676,0.17560827829098274,1.4743260059709824
73,0.01306226439219997,0.003066743940394092,1.4743260059709824
74,7.768839447933345,2.1366561385113885,1.4743260059709824
75,156.73111131649458,340.647994824542,1.4743260059709824
76,0.05611604419703974,0.014888176511132029,1.4743260059709824
77,251184.7621290494,95959.28751170651,1.4743260059709824
78,653384184620340.2,158649409169181.1,1.4743260059709824
79,47403.863113570944,11182.132695048307,1.4743260059709824
80,14.597702709898355,7.066802382306893,1.4743260059709824
81,0.14761665444429645,0.03472314519529026,1.4743260059709824
82,9.566801612483902,2.204975043945163,1.4743260059709824
83,,,1.4743260059709824
84,140.67522660701198,33.127681388561705,1.4743260059709824
85,4898.714368615823,16155.886631093475,1.4743260059709824
86,2771.786583370217,701.189461560968,1.4743260059709824
87,0.24281600376982798,0.08261161245432423,1.4743260059709824
88,964335.0922146072,227680.71857626043,1.4743260059709824
89,8.871389441463927e-06,1.8793719988102552e-05,1.4743260059709824
90,623.5780627413602,142.68012365334238,1.4743260059709824
91,0.02578126548498228,0.014017827927714723,1.4743260059709824
92,0.6459779518459929,0.1498192273852662,1.4743260059709824
93,2597.4042765185372,593.128860538798,1.4743260059709824
94,0.0004336676476014667,0.00038881355086410873,1.4743260059709824
95,0.7542567551818325,0.19713755138042685,1.4743260059709824
96,7.768839447933345,2.1366561385113885,1.4743260059709824
97,0.0007284403073249247,0.00019469688834190411,1.4743260059709824
98,2.8410742223478693e-06,4.3420655232252835e-06,1.4743260059709824
99,188.52641071672343,61.2766863056794,1.4743260059709824
100,48.23134350263142,15.80039865091204,1.4743260059709824
101,1514052436.2880955,1083423382.6818106,1.4743260059709824
102,962389.6071399596,433448.0670946215,1.4743260059709824
103,78608573.21460636,24284344.360577483,1.4743260059709824
104,3.897438787947822,1.9094801338470606,1.4743260059709824
105,9.550867531105094e-05,2.2969384741503647e-05,1.4743260059709824
106,208906.90051589927,52250.50185257968,1.4743260059709824
107,623.5780627413602,142.68012365334238,1.4743260059709824
108,12695.862696769178,7512.60487910428,1.4743260059709824
109,207189.35938645495,47079.420089123974,1.4743260059709824
110,1546828987.6946018,676265219.39845,1.4743260059709824
111,246658.70327690517,185068.9943820948,1.4743260059709824
112,0.00025860519674755187,6.0990661202353554e-05,1.4743260059709824
113,0.009212511413001338,0.0024847301926958156,1.4743260059709824
114,396.0976344596835,3517.1650926312905,1.4743260059709824
115,0.010922619828888437,0.002570170239101447,1.4743260059709824
116,75.75555148646815,117.47235572845254,1.4743260059709824
117,270229.93107339554,386458.2556560244,1.4743260059709824
118,3340.6689429691805,1552.7026523739682,1.4743260059709824
119,1.5940452350810533e-05,5.34298615599362e-06,1.4743260059709824
120,0.0008806720561412516,0.00020748060831815582,1.4743260059709824
121,212041.91709196137,50041.097454781906,1.4743260059709824
122,1.7642151584504637,0.6461590511454088,1.4743260059709824
123,55141.72329496162,25203.899076332596,1.4743260059709824
124,,,1.4743260059709824
125,,,1.4743260059709824
126,0.02578126548498228,0.014017827927714723,1.4743260059709824
127,623.5780627413602,142.68012365334238,1.4743260059709824
128,64.56927925314014,51.83288127084298,1.4743260059709824
129,168.0657998418461,42.90873995514044,1.4743260059709824
130,4156392.9305218165,941994.3962077198,1.4743260059709824
131,0.09908419845808498,0.0860528399704778,1.4743260059709824
132,24548528176865.68,5976586153749.77,1.4743260059709824
133,2.272336831623104e-07,5.88067395873956e-08,1.4743260059709824
134,99892637.57686253,23615144.56320508,1.4743260059709824
135,48.23134350263142,15.80039865091204,1.4743260059709824
136,0.49192590417595633,0.13431968743191558,1.4743260059709824
137,2.463197968002328,0.5694068102914049,1.4743260059709824
138,7548052496.052944,2305921644.938025,1.4743260059709824
139,17632115.15740036,5470178.81048428,1.4743260059709824
140,1.9346616065175037,0.5302209956816442,1.4743260059709824
141,0.010922619828888437,0.002570170239101447,1.4743260059709824
142,6.792191622076204e-07,5.538925286171759e-06,1.4743260059709824
143,10778.101321501681,2541.323835346076,1.4743260059709824
144,1.8427884887281958,6.787143052830014,1.4743260059709824
145,2493.16658248661,587.5969009918824,1.4743260059709824
146,212041.91709196137,50041.097454781906,1.4743260059709824
147,34.3395613672855,8.083727323154285,1.4743260059709824
148,129.67185812647628,48.40117347957762,1.4743260059709824
149,78636073.6667459,57063729.11895345,1.4743260059709824
150,9.566801612483902,2.204975043945163,1.4743260059709824
151,4.623591053284509,3.819173567307273,1.4743260059709824
152,1.5767650247599576e-07,6.951078288339171e-08,1.4743260059709824
153,140.67522660701198,33.127681388561705,1.4743260059709824
154,0.029338443511435358,0.010493684825844623,1.4743260059709824
155,0.44002552717649496,0.15998635200346473,1.4743260059709824
156,0.0010709963755173115,0.00025414665440932406,1.4743260059709824
157,566.467108308638,212.58358088868243,1.4743260059709824
158,1546828987.6946018,676265219.39845,1.4743260059709824
159,2.1651600036206338,0.5094073040476541,1.4743260059709824
160,11000.772589187865,2507.545360361691,1.4743260059709824
161,0.5597222454956386,0.1316673935783579,1.4743260059709824
162,208906.90051589927,52250.50185257968,1.4743260059709824
163,1514052436.2880955,1083423382.6818106,1.4743260059709824
164,0.0005925227242716764,0.00032438926196699986,1.4743260059709824
165,30.302594408286282,11.244915422422883,1.4743260059709824
166,0.0003887131478757063,0.00010722681021733455,1.4743260059709824
167,3.897438787947822,1.9094801338470606,1.4743260059709824
168,586.9362255226768,138.27267442259276,1.4743260059709824
169,47403.863113570944,11182.132695048307,1.4743260059709824
170,0.0018344261108701526,0.0009682354268775908,1.4743260059709824
171,11000.772589187865,2507.545360361691,1.4743260059709824
172,0.1122913717845754,0.040506419948661554,1.4743260059709824
173,16783.147732662463,24584.705916095936,1.4743260059709824
174,0.006718006823137539,0.0035429104735742213,1.4743260059709824
175,152.27039511893884,34.917232259731904,1.4743260059709824
176,78608573.21460636,24284344.360577483,1.4743260059709824
177,133.08993385036152,36.840493816133794,1.4743260059709824
178,7.768839447933345,2.1366561385113885,1.4743260059709824
179,78608573.21460636,24284344.360577483,1.4743260059709824
180,2.8401615165911354,0.7374410896481947,1.4743260059709824
181,0.010922619828888437,0.002570170239101447,1.4743260059709824
182,0.6459779518459929,0.1498192273852662,1.4743260059709824
183,0.01573235049177828,0.004209592415876911,1.4743260059709824
184,0.0008806720561412516,0.00020748060831815582,1.4743260059709824
185,8.54068706733102,2.0099006984752075,1.4743260059709824
186,0.24281600376982798,0.08261161245432423,1.4743260059709824
187,11000.772589187865,2507.545360361691,1.4743260059709824
188,2.1651600036206338,0.5094073040476541,1.4743260059709824
189,1.5940452350810533e-05,5.34298615599362e-06,1.4743260059709824
190,168.0657998418461,42.90873995514044,1.4743260059709824
191,0.37876595135655616,0.3747505602596917,1.4743260059709824
192,0.006718006823137539,0.0035429104735742213,1.4743260059709824
193,2.4394565190101297e-06,5.806392696985763e-07,1.4743260059709824
194,207189.35938645495,47079.420089123974,1.4743260059709824
195,99892637.57686253,23615144.56320508,1.4743260059709824
196,4103422.992734836,1835781.0035467339,1.4743260059709824
197,0.1122913717845754,0.040506419948661554,1.4743260059709824
198,49142.14550134624,13749.912802621891,1.4743260059709824
199,13476.675558574823,6209.946935451334,1.4743260059709824
